자람테크놀로지
389020
80,600
상한가18,600
+30.00%
4,995	733,986
GST
083450
55,000
9,0509,050
+19.70%
5,125	6,298,982
시그네틱스
033170
2,025
231231
+12.88%
1,736	31,736,742
넥스트칩
396270
13,390
1,5701,570
+13.28%
2,417	810,287
엑시콘
092870
26,650
3,1003,100
+13.16%
2,891	8,572,284
유니테스트
086390
17,720
1,9901,990
+12.65%
3,745	2,114,135
테크윙
089030
26,650
2,7502,750
+11.51%
9,955	3,110,005
유니셈
036200
9,320
890890
+10.56%
2,858	6,546,941
티이엠씨
425040
21,850
2,0702,070
+10.47%
4,644	2,617,310
한솔아이원스
114810
13,080
1,1501,150
+9.64%
3,839	1,281,859
에이직랜드
445090
73,000
6,4006,400
+9.61%
7,795	1,479,011
큐엠씨
136660
1,300
110110
+9.24%
123	1,376
타이거일렉
219130
33,050
2,5502,550
+8.36%
2,087	169,054
네패스아크
330860
42,100
3,0003,000
+7.67%
5,129	8,662,305
텔레칩스
054450
30,650
2,0502,050
+7.17%
4,642	729,659
와이아이케이
232140
7,140
450450
+6.73%
5,858	2,349,940
티엘비
356860
28,850
1,6501,650
+6.07%
2,837	824,295
큐알티
405100
36,350
2,0002,000
+5.82%
4,467	866,340
지앤비에스 에코
382800
5,840
310310
+5.61%
1,758	317,727
퀄리타스반도체
432720
42,050
2,0502,050
+5.13%
4,587	559,567
예스티
122640
22,450
1,0501,050
+4.91%
4,275	293,455
네오셈
253590
15,040
700700
+4.88%
6,585	5,717,550
디아이
003160
10,820
420420
+4.04%
3,062	1,397,920
코스텍시스템
169670
13,740
530530
+4.01%
394	15,624
제우스
079370
20,550
790790
+4.00%
6,374	1,206,775
아이텍
119830
7,870
300300
+3.96%
1,687	224,140
하나마이크론
067310
28,200
1,0501,050
+3.87%
13,555	2,097,637
에프에스티
036810
23,850
850850
+3.70%
5,189	284,785
에이디테크놀로지
200710
46,850
1,6501,650
+3.65%
6,291	1,251,474
미래산업
025560
2,145
7575
+3.62%
653	388,086
유니퀘스트
077500
8,990
310310
+3.57%
1,959	567,606
피에스케이
319660
26,300
900900
+3.54%
7,618	598,363
ISC
095340
97,000
3,3003,300
+3.52%
20,561	609,471
아이엠티
451220
22,100
750750
+3.51%
1,740	168,948
그린리소스
402490
31,350
1,0501,050
+3.47%
2,566	400,400
코미코
183300
61,200
2,0002,000
+3.38%
6,402	98,775
가온칩스
399720
95,000
3,1003,100
+3.37%
10,914	436,392
엠케이전자
033160
13,810
430430
+3.21%
3,047	447,948
신성이엔지
011930
2,000
6060
+3.09%
4,117	2,631,100
디엔에프
092070
22,450
650650
+2.98%
2,598	145,679
다원넥스뷰
323350
12,870
370370
+2.96%
812	63
티씨케이
064760
99,100
2,8002,800
+2.91%
11,570	39,382
티엘엔지니어링
413300
2,365
6565
+2.83%
31	7
두산테스나
131970
47,750
1,3001,300
+2.80%
8,121	437,509
아진엑스텍
059120
10,800
290290
+2.76%
1,053	128,074
로체시스템즈
071280
8,840
220220
+2.55%
1,352	103,511
KEC
092220
1,507
3737
+2.52%
3,026	1,149,091
오션브릿지
241790
12,390
300300
+2.48%
1,239	231,644
제이엔비
452160
13,300
310310
+2.39%
1,226	657,469
지오엘리먼트
311320
13,850
300300
+2.21%
1,747	205,752
에이엘티
172670
22,850
450450
+2.01%
2,047	166,171
네패스
033640
20,700
400400
+1.97%
4,773	899,097
오픈엣지테크놀로지
394280
31,700
600600
+1.93%
6,887	1,299,129
워트
396470
10,690
200200
+1.91%
1,723	253,896
HPSP
403870
54,900
1,0001,000
+1.86%
45,531	840,471
오킨스전자
080580
11,150
200200
+1.83%
1,971	376,267
솔브레인
357780
284,500
5,0005,000
+1.79%
22,130	27,118
칩스앤미디어
094360
29,900
500500
+1.70%
6,226	360,464
엘티씨
170920
15,850
260260
+1.67%
1,554	211,387
와이씨켐
112290
15,090
210210
+1.41%
1,526	532,981
퓨릿
445180
13,130
180180
+1.39%
2,202	1,372,851
싸이맥스
160980
20,800
250250
+1.22%
2,272	326,674
저스템
417840
16,820
200200
+1.20%
1,207	240,164
유니트론텍
142210
6,140
7070
+1.15%
1,182	178,803
LB세미콘
061970
7,350
7070
+0.96%
3,218	288,100
피에스케이홀딩스
031980
42,000
350350
+0.84%
9,056	338,761
원익QnC
074600
30,000
250250
+0.84%
7,886	240,397
티에프이
425420
39,850
300300
+0.76%
4,535	168,818
동진쎄미켐
005290
40,400
300300
+0.75%
20,771	562,952
프로텍
053610
53,600
400400
+0.75%
5,896	464,050
샘씨엔에스
252990
6,880
5050
+0.73%
3,639	357,174
동운아나텍
094170
19,860
140140
+0.71%
3,764	249,077
삼성전자
005930
72,900
500500
+0.69%
4,351,971	9,610,900
비씨엔씨
146320
22,800
150150
+0.66%
2,917	134,712
에이피티씨
089970
15,870
100100
+0.63%
3,806	325,775
마이크로컨텍솔
098120
11,310
7070
+0.62%
940	102,328
아이앤씨
052860
2,720
1515
+0.55%
486	386,879
SFA반도체
036540
6,060
3030
+0.50%
9,966	919,723
레이저쎌
412350
8,820
4040
+0.46%
768	134,728
엘오티베큠
083310
23,300
100100
+0.43%
4,150	476,891
월덱스
101160
23,150
100100
+0.43%
3,822	120,730
에이팩트
200470
5,040
2020
+0.40%
2,135	1,074,966
KX하이텍
052900
1,380
55
+0.36%
760	153,894
기가비스
420770
61,200
200200
+0.33%
7,758	56,217
피엠티
147760
6,690
2020
+0.30%
724	36,915
엑사이엔씨
054940
788
22
+0.25%
261	90,574
지니틱스
303030
2,260
55
+0.22%
808	1,186,125
덕산하이메탈
077360
6,650
1010
+0.15%
3,022	127,977
원익IPS
240810
33,850
5050
+0.15%
16,615	176,527
LB루셈
376190
6,860
1010
+0.15%
1,688	27,123
주성엔지니어링
036930
35,950
5050
+0.14%
17,346	488,176
에스티아이
039440
38,450
5050
+0.13%
6,087	1,373,039
케이알엠
093640
8,360
1010
+0.12%
2,442	25,100
한양디지텍
078350
16,110
1010
+0.06%
2,456	411,712
DB하이텍
000990
45,100
0
0.00%
20,024	154,350
삼성전자우
005935
62,400
0
0.00%
513,481	541,472
한미반도체
042700
97,400
0
0.00%
94,808	1,038,088
에이티세미콘
089530
600
0
0.00%
434	-
알에프세미
096610
2,965
0
0.00%
516	-
알파홀딩스
117670
945
0
0.00%
359	-
스마트솔루션즈
136510
11,600
0
0.00%
6,664	-
아이케이세미콘
149010
8,890
0
0.00%
277	-
NPX
222160
8,040
0
0.00%
796	-
미래반도체
254490
21,850
0
0.00%
3,155	90,395
씨앤지하이테크
264660
12,830
0
0.00%
1,195	4,233
한국전자홀딩스
006200
916
11
-0.11%
429	80,456
에스앤에스텍
101490
46,500
5050
-0.11%
9,975	179,081
라온테크
232680
9,020
1010
-0.11%
1,131	60,725
유진테크
084370
36,050
5050
-0.14%
8,261	109,934
티에스이
131290
60,700
100100
-0.16%
6,714	112,042
제이아이테크
417500
5,020
1010
-0.20%
1,646	575,178
마이크로투나노
424980
12,500
3030
-0.24%
740	11,886
픽셀플러스
087600
9,900
3030
-0.30%
808	65,877
엔시트론
101400
602
22
-0.33%
356	131,613
러셀
217500
3,040
1010
-0.33%
967	109,242
제이티
089790
9,790
4040
-0.41%
1,010	125,670
뉴파워프라즈마
144960
4,975
2525
-0.50%
2,174	50,312
넥스틴
348210
73,800
400400
-0.54%
7,585	54,731
메카로
241770
8,690
5050
-0.57%
886	3,632
케이엔더블유
105330
8,050
5050
-0.62%
1,293	23,084
이엔에프테크놀로지
102710
23,750
150150
-0.63%
3,393	72,343
엔투텍
227950
775
55
-0.64%
803	1,745,966
코세스
089890
16,000
110110
-0.68%
2,654	296,266
매커스
093520
16,000
110110
-0.68%
2,586	190,719
해성디에스
195870
48,450
350350
-0.72%
8,237	58,441
젬백스
082270
12,150
9090
-0.74%
4,859	29,386
램테크놀러지
171010
4,725
3535
-0.74%
671	39,968
제주반도체
080220
26,400
200200
-0.75%
9,093	1,209,655
성우테크론
045300
3,840
3030
-0.78%
382	21,021
비케이홀딩스
050090
1,012
88
-0.78%
200	17,356
파두
440110
19,220
160160
-0.83%
9,370	288,726
HLB이노베이션
024850
3,905
3535
-0.89%
2,662	866,690
큐에스아이
066310
10,020
9090
-0.89%
929	41,069
이오테크닉스
039030
183,300
1,7001,700
-0.92%
22,582	113,747
오로스테크놀로지
322310
35,000
350350
-0.99%
3,278	131,766
원익홀딩스
030530
3,950
4040
-1.00%
3,051	195,932
하나머티리얼즈
166090
47,900
500500
-1.03%
9,462	73,814
코스텍시스
355150
8,750
100100
-1.13%
658	16,600
케이씨
029460
21,100
250250
-1.17%
2,860	19,386
리노공업
058470
239,500
3,0003,000
-1.24%
36,505	569,531
SK하이닉스
000660
164,400
2,2002,200
-1.32%
1,196,836	2,343,122
네온테크
306620
2,775
4040
-1.42%
1,158	181,398
시지트로닉스
429270
10,620
160160
-1.48%
479	17,310
오디텍
080520
4,635
7070
-1.49%
544	35,586
SK스퀘어
402340
71,400
1,3001,300
-1.79%
99,232	337,747
테크엘
064520
3,865
7575
-1.90%
849	46,835
인텍플러스
064290
36,000
700700
-1.91%
4,621	359,085
라온텍
418420
6,080
120120
-1.94%
1,796	177,954
사피엔반도체
452430
46,750
950950
-1.99%
3,647	1,287,323
테스
095610
19,760
440440
-2.18%
3,906	187,471
윈팩
097800
1,198
2727
-2.20%
714	705,842
서플러스글로벌
140070
3,895
9090
-2.26%
1,441	574,959
어보브반도체
102120
16,210
380380
-2.29%
2,882	747,359
더코디
224060
5,420
130130
-2.34%
257	13,112
피델릭스
032580
1,607
4848
-2.90%
532	2,060,730
제너셈
217190
14,510
480480
-3.20%
1,272	110,194
하이딥
365590
1,433
5050
-3.37%
2,057	508,156
아이윈플러스
123010
1,257
7070
-5.28%
411	142,426
케이씨텍
281820
43,550
2,8502,850
-6.14%
9,085	485,673
미코
059090
11,230
1,0501,050
-8.55%
3,753	1,067,164